-5 0.0
-4.9 0.994987437106617
-4.8 1.4
-4.7 1.70587221092319
-4.6 1.95959179422654
-4.5 2.17944947177033
-4.4 2.37486841740758
-4.3 2.55147016443461
-4.2 2.7129319932501
-4.1 2.86181760425083
-4.0 3.0
-3.9 3.1288975694324
-3.8 3.24961536185438
-3.7 3.36303434416004
-3.6 3.46987031457949
-3.5 3.57071421427142
-3.4 3.66606055596467
-3.3 3.75632799419859
-3.2 3.84187454245971
-3.1 3.9230090491866
-3.0 4.0
-2.9 4.07308237088326
-2.8 4.14246303544159
-2.7 4.20832508250016
-2.6 4.27083130081252
-2.5 4.33012701892219
-2.4 4.38634243989226
-2.3 4.43959457608462
-2.2 4.48998886412873
-2.1 4.53762052181537
-2.0 4.58257569495584
-1.9 4.62493243193887
-1.8 4.66476151587624
-1.7 4.7021271782035
-1.6 4.7370877129308
-1.5 4.76969600708473
-1.4 4.8
-1.3 4.82804308182932
-1.2 4.85386443980464
-1.1 4.87749935930288
-1.0 4.89897948556636
-0.900000000000001 4.91833305094317
-0.800000000000001 4.93558507170123
-0.700000000000001 4.95075751779463
-0.600000000000001 4.96386945839634
-0.500000000000001 4.9749371855331
-0.400000000000001 4.98397431775085
-0.300000000000001 4.99099188538711
-0.200000000000001 4.99599839871872
-0.100000000000001 4.99899989997999
-1.02695629777827e-15 5.0
0.099999999999999 4.99899989997999
0.199999999999999 4.99599839871872
0.299999999999999 4.99099188538711
0.399999999999999 4.98397431775085
0.499999999999999 4.9749371855331
0.599999999999999 4.96386945839634
0.699999999999999 4.95075751779463
0.799999999999999 4.93558507170123
0.899999999999999 4.91833305094318
0.999999999999999 4.89897948556636
1.1 4.87749935930288
1.2 4.85386443980464
1.3 4.82804308182932
1.4 4.8
1.5 4.76969600708473
1.6 4.7370877129308
1.7 4.7021271782035
1.8 4.66476151587624
1.9 4.62493243193887
2.0 4.58257569495584
2.1 4.53762052181537
2.2 4.48998886412873
2.3 4.43959457608462
2.4 4.38634243989226
2.5 4.33012701892219
2.6 4.27083130081252
2.7 4.20832508250016
2.8 4.1424630354416
2.9 4.07308237088326
3.0 4.0
3.1 3.92300904918661
3.2 3.84187454245971
3.3 3.75632799419859
3.4 3.66606055596467
3.5 3.57071421427142
3.6 3.46987031457949
3.7 3.36303434416005
3.8 3.24961536185438
3.9 3.1288975694324
4.0 3.0
4.1 2.86181760425084
4.2 2.71293199325011
4.3 2.55147016443461
4.4 2.37486841740758
4.5 2.17944947177034
4.6 1.95959179422655
4.7 1.7058722109232
4.8 1.40000000000001
4.9 0.994987437106632
5.0 1.68587394043576e-07
15 0.0
14.9 1.72916164657905
14.8 2.44131112314674
14.7 2.98496231131985
14.6 3.44093010681704
14.5 3.8405728739343
14.4 4.19999999999999
14.3 4.52879674968969
14.2 4.83321838943782
14.1 5.11761663276959
14.0 5.38516480713449
13.9 5.63826214360417
13.8 5.87877538267962
13.7 6.10819122163017
13.6 6.32771680782254
13.5 6.538348415311
13.4 6.74091981854108
13.3 6.93613725354392
13.2 7.12460525222274
13.1 7.30684610485261
13.0 7.48331477354787
12.9 7.65441049330383
12.8 7.82048591840685
12.7 7.98185442112294
12.6 8.13879597975031
12.5 8.29156197588849
12.4 8.44037913840366
12.3 8.5854528127525
12.2 8.72696969170856
12.1 8.86510011223786
12.0 8.99999999999999
11.9 9.13181252545187
11.8 9.26066952223217
11.7 9.3866927082972
11.6 9.50999474237498
11.5 9.6306801421291
11.4 9.74884608556314
11.3 9.86458311334036
11.2 9.97797574661312
11.1 10.0891030324801
11.0 10.1980390271856
10.9 10.3048532255438
10.8 10.4096109437385
10.7 10.5123736615476
10.6 10.6131993291373
10.5 10.7121426428143
10.4 10.8092552934973
10.3 10.9045861911399
10.2 10.998181667894
10.1 11.0900856624284
10.0 11.1803398874989
9.90000000000002 11.2689839825958
9.80000000000002 11.3560556532627
9.70000000000002 11.441590798486
9.60000000000002 11.5256236273791
9.50000000000002 11.6081867662439
9.40000000000002 11.689311356962
9.30000000000002 11.7690271475598
9.20000000000002 11.8473625756959
9.10000000000002 11.9243448457347
9.00000000000002 12.0
8.90000000000002 12.0743529847359
8.80000000000002 12.1474277112482
8.70000000000002 12.2192471126498
8.60000000000002 12.2898331965898
8.50000000000002 12.3592070943083
8.40000000000002 12.4273891063248
8.30000000000002 12.4943987450377
8.20000000000002 12.560254774486
8.10000000000002 12.6249752475005
8.00000000000002 12.6885775404495
7.90000000000003 12.751078385768
7.80000000000003 12.8124939024376
7.70000000000003 12.8728396245739
7.60000000000003 12.9321305282618
7.50000000000003 12.9903810567666
7.40000000000003 13.0476051442401
7.30000000000003 13.1038162380277
7.20000000000003 13.1590273196768
7.10000000000003 13.2132509247346
7.00000000000003 13.2664991614216
6.90000000000003 13.3187837282539
6.80000000000003 13.3701159306866
6.70000000000003 13.4205066968427
6.60000000000003 13.4699665923862
6.50000000000003 13.5185058345958
6.40000000000003 13.5661343056893
6.30000000000003 13.6128615654461
6.20000000000003 13.6586968631711
6.10000000000003 13.7036491490405
6.00000000000003 13.7477270848675
5.90000000000003 13.7909390543211
5.80000000000003 13.8332931726325
5.70000000000003 13.8747972958166
5.60000000000003 13.9154590294392
5.50000000000003 13.9552857369528
5.40000000000003 13.9942845476287
5.30000000000003 14.0324623641042
5.20000000000003 14.0698258695692
5.10000000000004 14.1063815346105
5.00000000000004 14.1421356237309
4.90000000000004 14.1770942015633
4.80000000000004 14.2112631387924
4.70000000000004 14.244648117802
4.60000000000004 14.2772546380598
4.50000000000004 14.3090880212542
4.40000000000004 14.3401534161947
4.30000000000004 14.3704558034879
4.20000000000004 14.4
4.10000000000004 14.4287906631152
4.00000000000004 14.456832294801
3.90000000000004 14.484129245488
3.80000000000004 14.5106857177736
3.70000000000004 14.5365057699572
3.60000000000004 14.5615933194139
3.50000000000004 14.5859521458148
3.40000000000004 14.6095858941997
3.30000000000004 14.6324980779086
3.20000000000004 14.6546920813779
3.10000000000004 14.6761711628067
3.00000000000004 14.6969384566991
2.90000000000004 14.7169969762856
2.80000000000004 14.7363496158309
2.70000000000004 14.7549991528295
2.60000000000004 14.7729482500955
2.50000000000004 14.790199457749
2.40000000000004 14.8067552151037
2.30000000000004 14.8226178524578
2.20000000000004 14.8377895927931
2.10000000000004 14.8522725533839
2.00000000000004 14.8660687473185
1.90000000000004 14.8791800849375
1.80000000000004 14.891608375189
1.70000000000004 14.9033553269054
1.60000000000004 14.9144225500017
1.50000000000004 14.9248115565993
1.40000000000004 14.9345237620756
1.30000000000004 14.9435604860421
1.20000000000004 14.9519229532525
1.10000000000004 14.9596122944413
1.00000000000004 14.9666295470958
0.900000000000036 14.9729756561613
0.800000000000036 14.9786514746822
0.700000000000036 14.9836577643778
0.600000000000037 14.9879951961562
0.500000000000037 14.9916643505649
0.400000000000037 14.9946657181812
0.300000000000037 14.99699969994
0.200000000000037 14.9986666074021
0.100000000000037 14.9996666629629
3.65540930857833e-14 15.0
-0.0999999999999635 14.9996666629629
-0.199999999999963 14.9986666074021
-0.299999999999963 14.99699969994
-0.399999999999963 14.9946657181813
-0.499999999999963 14.991664350565
-0.599999999999963 14.9879951961562
-0.699999999999963 14.9836577643778
-0.799999999999963 14.9786514746822
-0.899999999999963 14.9729756561613
-0.999999999999963 14.9666295470958
-1.09999999999996 14.9596122944413
-1.19999999999996 14.9519229532525
-1.29999999999996 14.9435604860421
-1.39999999999996 14.9345237620756
-1.49999999999996 14.9248115565993
-1.59999999999996 14.9144225500017
-1.69999999999996 14.9033553269054
-1.79999999999996 14.891608375189
-1.89999999999996 14.8791800849375
-1.99999999999996 14.8660687473185
-2.09999999999996 14.8522725533839
-2.19999999999996 14.8377895927931
-2.29999999999996 14.8226178524578
-2.39999999999996 14.8067552151037
-2.49999999999996 14.790199457749
-2.59999999999996 14.7729482500955
-2.69999999999996 14.7549991528295
-2.79999999999996 14.7363496158309
-2.89999999999996 14.7169969762856
-2.99999999999996 14.6969384566991
-3.09999999999997 14.6761711628067
-3.19999999999997 14.6546920813779
-3.29999999999997 14.6324980779086
-3.39999999999997 14.6095858941997
-3.49999999999997 14.5859521458148
-3.59999999999997 14.5615933194139
-3.69999999999997 14.5365057699572
-3.79999999999997 14.5106857177737
-3.89999999999997 14.484129245488
-3.99999999999997 14.456832294801
-4.09999999999997 14.4287906631152
-4.19999999999997 14.4
-4.29999999999997 14.3704558034879
-4.39999999999996 14.3401534161947
-4.49999999999996 14.3090880212542
-4.59999999999996 14.2772546380598
-4.69999999999996 14.244648117802
-4.79999999999996 14.2112631387924
-4.89999999999996 14.1770942015633
-4.99999999999996 14.142135623731
-5.09999999999996 14.1063815346105
-5.19999999999996 14.0698258695693
-5.29999999999996 14.0324623641042
-5.39999999999996 13.9942845476287
-5.49999999999996 13.9552857369529
-5.59999999999996 13.9154590294392
-5.69999999999996 13.8747972958166
-5.79999999999996 13.8332931726325
-5.89999999999996 13.7909390543212
-5.99999999999996 13.7477270848675
-6.09999999999996 13.7036491490406
-6.19999999999996 13.6586968631711
-6.29999999999996 13.6128615654461
-6.39999999999996 13.5661343056893
-6.49999999999996 13.5185058345958
-6.59999999999996 13.4699665923862
-6.69999999999996 13.4205066968427
-6.79999999999996 13.3701159306866
-6.89999999999996 13.3187837282539
-6.99999999999996 13.2664991614216
-7.09999999999996 13.2132509247346
-7.19999999999995 13.1590273196768
-7.29999999999995 13.1038162380278
-7.39999999999995 13.0476051442401
-7.49999999999995 12.9903810567666
-7.59999999999995 12.9321305282618
-7.69999999999995 12.8728396245739
-7.79999999999995 12.8124939024376
-7.89999999999995 12.751078385768
-7.99999999999995 12.6885775404496
-8.09999999999995 12.6249752475005
-8.19999999999995 12.5602547744861
-8.29999999999995 12.4943987450377
-8.39999999999995 12.4273891063248
-8.49999999999995 12.3592070943083
-8.59999999999995 12.2898331965898
-8.69999999999995 12.2192471126498
-8.79999999999995 12.1474277112482
-8.89999999999995 12.0743529847359
-8.99999999999995 12.0
-9.09999999999995 11.9243448457348
-9.19999999999995 11.8473625756959
-9.29999999999995 11.7690271475599
-9.39999999999995 11.689311356962
-9.49999999999995 11.6081867662439
-9.59999999999995 11.5256236273792
-9.69999999999995 11.4415907984861
-9.79999999999995 11.3560556532628
-9.89999999999995 11.2689839825958
-9.99999999999994 11.180339887499
-10.0999999999999 11.0900856624285
-10.1999999999999 10.9981816678941
-10.2999999999999 10.90458619114
-10.3999999999999 10.8092552934974
-10.4999999999999 10.7121426428143
-10.5999999999999 10.6131993291373
-10.6999999999999 10.5123736615477
-10.7999999999999 10.4096109437385
-10.8999999999999 10.3048532255438
-10.9999999999999 10.1980390271856
-11.0999999999999 10.0891030324802
-11.1999999999999 9.9779757466132
-11.2999999999999 9.86458311334044
-11.3999999999999 9.74884608556322
-11.4999999999999 9.63068014212918
-11.5999999999999 9.50999474237507
-11.6999999999999 9.38669270829729
-11.7999999999999 9.26066952223226
-11.8999999999999 9.13181252545197
-11.9999999999999 9.00000000000008
-12.0999999999999 8.86510011223796
-12.1999999999999 8.72696969170866
-12.2999999999999 8.5854528127526
-12.3999999999999 8.44037913840377
-12.4999999999999 8.2915619758886
-12.5999999999999 8.13879597975042
-12.6999999999999 7.98185442112305
-12.7999999999999 7.82048591840697
-12.8999999999999 7.65441049330395
-12.9999999999999 7.483314773548
-13.0999999999999 7.30684610485274
-13.1999999999999 7.12460525222287
-13.2999999999999 6.93613725354406
-13.3999999999999 6.74091981854122
-13.4999999999999 6.53834841531115
-13.5999999999999 6.3277168078227
-13.6999999999999 6.10819122163033
-13.7999999999999 5.87877538267979
-13.8999999999999 5.63826214360435
-13.9999999999999 5.38516480713468
-14.0999999999999 5.11761663276979
-14.1999999999999 4.83321838943803
-14.2999999999999 4.52879674968992
-14.3999999999999 4.20000000000024
-14.4999999999999 3.84057287393457
-14.5999999999999 3.44093010681735
-14.6999999999999 2.98496231132021
-14.7999999999999 2.44131112314718
-14.8999999999999 1.72916164657969
-14.9999999999999 1.47934837889562e-06
