-17 2.47254844894814
-16.8 2.88711981537054
-16.6 3.24519599937663
-16.4 3.53977016348546
-16.2 3.7650780782224
-16.0 3.91671091660527
-15.8 3.99170152610399
-15.6 3.98858248990386
-15.4 3.90741484132888
-15.2 3.74978686954118
-15.0 3.51878303988669
-14.8 3.21892363705388
-14.6 2.85607631210874
-14.4 2.43734126425426
-14.2 1.97091230407867
-14.0 1.46591651700773
-13.8 0.932235664428085
-13.6 0.380312817305479
-13.4 -0.179051993906933
-13.2 -0.734913114346297
-13.0 -1.27639344939737
-12.8 -1.79289730776231
-12.6 -2.27431773802824
-12.4 -2.71123430156912
-12.2 -3.09509741176002
-12.0 -3.4183956323531
-11.8 -3.67480266131888
-11.6 -3.85930112397235
-11.4 -3.96828075299879
-11.2 -3.9996090341919
-11.0 -3.95267293550801
-10.8 -3.82839090288169
-10.6 -3.62919488806876
-10.4 -3.35898276019595
-10.2 -3.02304203222826
-10.0 -2.62794639487521
-9.80000000000003 -2.18142708256126
-9.60000000000003 -1.69222158857206
-9.40000000000003 -1.16990268971955
-9.20000000000003 -0.624691126172921
-9.00000000000003 -0.067255601937477
-8.80000000000003 0.491495980426123
-8.60000000000003 1.04062996572179
-8.40000000000003 1.56940089596574
-8.20000000000003 2.06746177758964
-8.00000000000003 2.52506655148922
-7.80000000000003 2.93326080398257
-7.60000000000003 3.28405698684494
-7.40000000000003 3.5705907177129
-7.20000000000003 3.78725510237041
-7.00000000000003 3.92981045049731
-6.80000000000003 3.99546723796165
-6.60000000000003 3.98294069224899
-6.40000000000003 3.89247593290071
-6.20000000000003 3.725843175013
-6.00000000000003 3.48630308965439
-5.80000000000003 3.17854299902964
-5.60000000000003 2.80858515492328
-5.40000000000003 2.38366889523112
-5.20000000000003 1.91210898454144
-5.00000000000003 1.40313291075856
-4.80000000000003 0.866700321549598
-4.60000000000003 0.313308133883541
-4.40000000000003 -0.246214869719573
-4.20000000000003 -0.800919938887004
-4.00000000000003 -1.33995260062354
-3.80000000000003 -1.85276505972131
-3.60000000000003 -2.32932259809626
-3.40000000000003 -2.76029993422769
-3.20000000000003 -3.13726370033763
-3.00000000000003 -3.45283746659546
-2.80000000000003 -3.70084608315264
-2.60000000000003 -3.87643651552181
-2.40000000000003 -3.9761728087923
-2.20000000000003 -3.99810332242192
-2.00000000000003 -3.94179891995385
-1.80000000000003 -3.80836136636209
-1.60000000000003 -3.60040176870605
-1.40000000000003 -3.32198948196792
-1.20000000000003 -2.97857247988349
-1.00000000000003 -2.57687074895082
-0.800000000000027 -2.1247447916836
-0.600000000000027 -1.63104181223835
-0.400000000000027 -1.10542259425653
-0.200000000000027 -0.55817245857702
-2.692290834716e-14 -7.53841433720481e-14
0.199999999999973 0.558172458576871
0.399999999999973 1.10542259425638
0.599999999999973 1.63104181223821
0.799999999999973 2.12474479168347
0.999999999999973 2.57687074895071
1.19999999999997 2.97857247988339
1.39999999999997 3.32198948196784
1.59999999999997 3.60040176870599
1.79999999999997 3.80836136636204
1.99999999999997 3.94179891995383
2.19999999999997 3.99810332242191
2.39999999999997 3.97617280879231
2.59999999999997 3.87643651552184
2.79999999999997 3.7008460831527
2.99999999999997 3.45283746659553
3.19999999999997 3.13726370033773
3.39999999999997 2.7602999342278
3.59999999999997 2.32932259809639
3.79999999999997 1.85276505972145
3.99999999999997 1.33995260062369
4.19999999999997 0.800919938887153
4.39999999999997 0.246214869719725
4.59999999999997 -0.313308133883389
4.79999999999997 -0.866700321549449
4.99999999999998 -1.40313291075841
5.19999999999998 -1.91210898454131
5.39999999999998 -2.383668895231
5.59999999999998 -2.80858515492317
5.79999999999998 -3.17854299902955
5.99999999999998 -3.48630308965432
6.19999999999998 -3.72584317501295
6.39999999999998 -3.89247593290068
6.59999999999998 -3.98294069224898
6.79999999999998 -3.99546723796166
6.99999999999998 -3.92981045049734
7.19999999999998 -3.78725510237046
7.39999999999998 -3.57059071771297
7.59999999999998 -3.28405698684502
7.79999999999998 -2.93326080398267
7.99999999999998 -2.52506655148933
8.19999999999998 -2.06746177758977
8.39999999999998 -1.56940089596587
8.59999999999998 -1.04062996572194
8.79999999999998 -0.491495980426271
8.99999999999998 0.0672556019373278
9.19999999999997 0.624691126172774
9.39999999999997 1.16990268971941
9.59999999999997 1.69222158857192
9.79999999999997 2.18142708256114
9.99999999999997 2.62794639487509
10.2 3.02304203222816
10.4 3.35898276019587
10.6 3.6291948880687
10.8 3.82839090288164
11.0 3.95267293550799
11.2 3.9996090341919
11.4 3.9682807529988
11.6 3.85930112397239
11.8 3.67480266131894
12.0 3.41839563235317
12.2 3.09509741176012
12.4 2.71123430156923
12.6 2.27431773802837
12.8 1.79289730776244
13.0 1.27639344939752
13.2 0.734913114346444
13.4 0.179051993907082
13.6 -0.380312817305331
13.8 -0.93223566442794
14.0 -1.46591651700759
14.2 -1.97091230407854
14.4 -2.43734126425414
14.6 -2.85607631210864
14.8 -3.21892363705379
15.0 -3.51878303988662
15.2 -3.74978686954113
15.4 -3.90741484132885
15.6 -3.98858248990385
15.8 -3.991701526104
16.0 -3.9167109166053
16.1999999999999 -3.76507807822246
16.3999999999999 -3.53977016348552
16.5999999999999 -3.24519599937672
16.7999999999999 -2.88711981537064
16.9999999999999 -2.47254844894826
